See man vmstat for the rest.

[paul@RHELv4u3 ~]$ vmstat 2 100
procs ----------memory--------- --swap-- ---io--- --system-- ---cpu----
r  b  swpd   free   buff  cache  si  so  bi   bo   in    cs us sy id wa
0  0   144  16708  58212 111612   0   0   3    4   75    62  0  1 99  0
0  0   144  16708  58212 111612   0   0   0    0  976    22  0  0 100 0
0  0   144  16708  58212 111612   0   0   0    0  958    14  0  1 99  0
1  0   144  16528  58212 111612   0   0   0   18 1432  7417  1 32 66  0
1  0   144  16468  58212 111612   0   0   0    0 2910 20048  4 95  1  0
1  0   144  16408  58212 111612   0   0   0    0 3210 19509  4 97  0  0
1  0   144  15568  58816 111612   0   0 300 1632 2423 10189  2 62  0 36
0  1   144  13648  60324 111612   0   0 754    0 1910  2843  1 27  0 72
0  0   144  12928  60948 111612   0   0 312  418 1346  1258  0 14 57 29
0  0   144  12928  60948 111612   0   0   0    0  977    19  0  0 100 0
0  0   144  12988  60948 111612   0   0   0    0  977    15  0  0 100 0
0  0   144  12988  60948 111612   0   0   0    0  978    18  0  0 100 0

[paul@RHELv4u3 ~]$

222

  
resource monitoring

19.6.